8115,
22562,
12975,
22683,
8876,
5868,
22217,
6432,
27336,
19405,
27755,
22131,
9428,
22547,
29978,
23873,
9380,
17648,
15799,
24120,
16368,
7053,
6787,
12864,
23044,
22382,
22928,
18960,
27088,
10078,
11574,
6447,
7037,
20560,
10432,
26224,
23950,
9046,
21864,
18350,
6082,
22120,
15304,
24941,
19976,
27097,
8654,
23653,
16788,
25066,
17123,
7704,
28916,
9003,
17237,
7367,
26709,
14774,
25719,
13512,
20371,
5705,
25508,
18717,
23122,
17230,
18686,
19441,
11917,
23002,
11286,
17149,
19746,
12740,
11144,
18098,
20544,
14495,
12939,
11303,
7679,
27068,
20370,
21006,
27089,
15992,
22885,
24016,
12439,
5988,
17516,
14454,
21868,
21179,
17051,
7944,
24598,
11851,
18746,
24677,
