1659,
1626,
1709,
1638,
1675,
1654,
1240,
1927,
1734,
1556,
1811,
1702,
1496,
1429,
1007,
1308,
1110,
1877,
1479,
1607,
1972,
1421,
1235,
1407,
1147,
1930,
1006,
1468,
1600,
1101,
1667,
1108,
1710,
1210,
1045,
1471,
1226,
1851,
1388,
1036,
1711,
1492,
1169,
1062,
1152,
1279,
1276,
1951,
1739,
1648,
1422,
1135,
1875,
1709,
1297,
1570,
1291,
1104,
1025,
1849,
1306,
1577,
1326,
1647,
1912,
1199,
1897,
1755,
1983,
1286,
1920,
1623,
1703,
1891,
1809,
1776,
1612,
1426,
1842,
1261,
1396,
1826,
1588,
1005,
1144,
1975,
1066,
1710,
1693,
1398,
1757,
1411,
1069,
1434,
1730,
1037,
1972,
1328,
1038,
1679,
