0.9941080779069075,
0.9954386830649214,
0.9973734212585225,
0.9661693334984854,
0.9667727796785802,
0.9995709206816231,
0.9942770323911145,
0.9965518942992142,
0.9992108474922842,
0.9691518028624124,
0.9999353803575199,
0.9926442826768055,
0.9975124378109452,
0.9927000282000666,
0.9985632598386286,
0.9999570483635426,
0.9927479779613688,
0.9510768493184228,
0.9993718512276519,
0.9940612680171695,
0.965552444482871,
0.9969790301354831,
0.9985751984820843,
0.9497634935967517,
0.9972711394729743,
0.9922087974960455,
0.9964029317824318,
0.9868608403636662,
0.9977799016386915,
0.9641595741911976,
0.9959431272143425,
0.9590667807977309,
0.9686055883739675,
0.9999152126181242,
0.9611019794836743,
0.9171954781453057,
0.9971327149105118,
0.9972145249137248,
0.9936446773820471,
0.9772245898237045,
0.9981005361262599,
0.9982569646531325,
0.9941544213413419,
0.9865768616985611,
0.9985687792050844,
0.9943474361945449,
0.9955703633674388,
0.9998617029754956,
0.9843785032759522,
0.9713546108377681,
0.9934503679737401,
0.9584966595009622,
0.9975105116034164,
0.9695503980798849,
0.9988803972622979,
0.9973551829318171,
0.9968768253074023,
0.9977484728987167,
0.9995459953219208,
0.9877980894248811,
0.9968459293644697,
0.9973891881068148,
0.995951870672353,
0.9966490379908134,
0.9968527768386669,
0.9998267854311869,
0.9967189146451919,
0.9962797251299037,
0.9963561319427174,
0.9965099415072416,
0.9662487148674311,
0.9997815673846873,
0.9988802224109969,
0.9979850409051545,
0.9981012630469638,
0.9962558352841321,
0.9968054727546435,
0.9976724965894103,
0.9992019273422165,
0.9990465399557044,
0.9967977025510116,
0.998720789570724,
0.9964899542602847,
0.9967849503056712,
0.9960753054979499,
0.9978644319923549,
0.9994195343131886,
0.996670800573128,
0.9986501144247564,
0.9985212491261216,
0.9979271358002497,
0.9997077265030764,
0.9966789535988428,
0.9963541430013572,
0.9996201494195006,
0.9982707784966505,
0.9989853963607331,
0.9964162390959213,
0.9997313990104799,
0.9992984959720492,
0.999595802129318,
0.9960726384545924,
0.9967221162869877,
0.9991011163813514,
0.9962814473889229,
0.9823182142650435,
0.996285010558821,
0.9983057604145904,
0.9995816162059723,
0.9996982757724798,
0.9984345463137996,
0.9999820195740595,
0.9965355202494932,
0.9748623729294088,
0.9987411937143771,
0.9968707082792573,
0.9996107853923443,
0.9983705130041479,
0.9979938481402293,
0.9999032123520994,
0.998895436179151,
0.9972691472207569,
0.9997385779697807,
0.9968419079423542,
0.9995861416577982,
0.9825806748038705,
0.9965973980782589,
0.998438736511481,
0.9964236284069723,
0.9994596470942999,
0.9998582422408474,
0.9963978604438448,
0.9904152161495875,
0.9994237418363426,
0.9988400245328145,
0.9996125329102568,
0.9981482894054756,
0.9977102266740828,
0.9989046860618551,
0.997138866396117,
0.9973846000285954,
0.9958123259806521,
0.9988698499847075,
0.9968426695337598,
0.9966693669756147,
0.9989856441085435,
0.9978405901826676,
0.9964506971190519,
0.9997187729849003,
0.9965350878776826,
0.9994910750294557,
0.9983949475148517,
0.9999545096722272,
0.9993843989454309,
0.9987770644108642,
0.9992457822646502,
0.9998225482077369,
0.9995864192879321,
0.998794324028219,
0.9986957328785082,
0.997602153043709,
0.9995604894187271,
0.9998465073114716,
0.9993303745830661,
0.9977662318983883,
0.9989715277654676,
0.9985036581860116,
0.9994555727014578,
0.9993750567471655,
0.9993778451814173,
0.998504750208129,
0.9995848998763854,
0.9995892024156556,
0.9981923532781616,
0.9984611993460724,
0.9998197948596337,
0.9995730098803233,
0.9990363912767328,
0.9987427092789098,
0.9989825876625452,
0.9988514911790088,
0.9989459410605138,
0.9990217434319388,
0.9996253142076285,
0.99963240284514,
0.9985934299248175,
0.9997477969417233,
0.9991510522312703,
0.9980797764881538,
0.9990740313145774,
0.9964572302715415,
0.9982064567556795,
0.9998114156927345,
0.9996850170354661,
0.9993711216424151,
0.9984336605759937,
0.99984037850758,
0.9980818549839978,
0.9997743251071037,
0.9996497722241253,
