5473,
17963,
18138,
12627,
20541,
12456,
5068,
27519,
17347,
24337,
23657,
26507,
19905,
24309,
14085,
25898,
11097,
16721,
19689,
26173,
16058,
8496,
20234,
16955,
6862,
20229,
19189,
9677,
22884,
19265,
15326,
11504,
10101,
13417,
15894,
16542,
7559,
26138,
17745,
6789,
14109,
10847,
14432,
8776,
18494,
18594,
7668,
15677,
7587,
23433,
20917,
15953,
11663,
12598,
13470,
25581,
16969,
6625,
15152,
14487,
17402,
13059,
13620,
7538,
16464,
18850,
26922,
14840,
22258,
13296,
10002,
14155,
22717,
18755,
19981,
23620,
21171,
18832,
5193,
27765,
6374,
22444,
26450,
12388,
16585,
14114,
22581,
10507,
22988,
19663,
15026,
6961,
11973,
12703,
6172,
19076,
15519,
9994,
19023,
9410,
24659,
8224,
25400,
22136,
10554,
10751,
18251,
13273,
7440,
26704,
24197,
11931,
13942,
17053,
25890,
16283,
5998,
21289,
6545,
12782,
20942,
28251,
19603,
24169,
29492,
13576,
19398,
27142,
19718,
21326,
26664,
20646,
5500,
12382,
24357,
23623,
18044,
26919,
25839,
29548,
27722,
9366,
22310,
5405,
9737,
16174,
20303,
8565,
7051,
26446,
11972,
16739,
26493,
6882,
27828,
13393,
10344,
15608,
24194,
15617,
10824,
6329,
15548,
28155,
16681,
21055,
18745,
27311,
24436,
17186,
6740,
28119,
28765,
8215,
28747,
28218,
12955,
8977,
29496,
21884,
9096,
17411,
10359,
24543,
27454,
15298,
18461,
26311,
15428,
9432,
29075,
20739,
11078,
29967,
26909,
11016,
18988,
16855,
14409,
18714,
