1677,
1479,
1228,
1784,
1162,
1945,
1390,
1343,
1088,
1396,
1687,
1625,
1984,
1600,
1993,
1970,
1976,
1998,
1005,
1186,
1637,
1107,
1234,
1916,
1466,
1671,
1824,
1324,
1836,
1348,
1287,
1290,
1599,
1196,
1979,
1282,
1656,
1380,
1998,
1535,
1881,
1862,
1449,
1749,
1437,
1709,
1310,
1830,
1648,
1558,
1133,
1232,
1955,
1515,
1233,
1998,
1587,
1498,
1660,
1091,
1492,
1253,
1385,
1872,
1004,
1200,
1871,
1374,
1608,
1409,
1664,
1815,
1411,
1347,
1878,
1239,
1051,
1440,
1467,
1742,
1663,
1056,
1215,
1313,
1206,
1270,
1213,
1102,
1442,
1187,
1853,
1298,
1815,
1804,
1587,
1013,
1323,
1321,
1031,
1263,
1656,
1060,
1948,
1715,
1262,
1870,
1246,
1586,
1010,
1471,
1041,
1286,
1367,
1381,
1353,
1538,
1834,
1816,
1234,
1907,
1309,
1419,
1296,
1407,
1620,
1370,
1790,
1877,
1428,
1792,
1327,
1231,
1296,
1071,
1414,
1219,
1505,
1779,
1623,
1776,
1737,
1301,
1454,
1097,
1437,
1465,
1795,
1363,
1658,
1194,
1275,
1769,
1340,
1671,
1929,
1676,
1714,
1568,
1191,
1458,
1765,
1280,
1769,
1090,
1979,
1248,
1371,
1215,
1018,
1165,
1272,
1923,
1533,
1445,
1012,
1962,
1382,
2000,
1039,
1627,
1766,
1519,
1971,
1828,
1413,
1331,
1081,
1274,
1078,
1797,
1044,
1323,
1124,
1454,
1625,
1782,
1515,
1121,
1268,
1871,
